5
6
5
8
8
1
2
9
5
9
9
3
5
9
6
3
3
5
3
3
6
2
8
1
1
7
9
4
1
9
7
9
1
3
1
4
6
1
3
9
4
1
3
3
9
1
9
7
6
9
4
7
6
9
5
1
3
1
1
7
5
4
6
5
8
8
4
6
9
3
1
1
9
5
4
4
5
1
4
3
3
8
9
7
6
3
9
4
1
3
1
7
5
4
8
9
9
3
9
7
3
9
4
4
6
3
8
5
9
4
1
6
1
1
1
5
7
5
8
6
3
4
9
3
8
9
7
9
8
7
6
1
9
3
1
5
5
4
7
4
3
5
8
9
4
9
4
9
4
9
9
4
6
4
8
4
3
7
4
5
8
5
7
9
5
1
4
4
4
6
8
1
8
3
1
1
5
6
1
5
4
8
5
6
3
9
4
9
4
4
9
3
1
9
9
3
6
8
5
8
2
7
5
5
8
1
9
1
5
9
9
5
1
9
4
7
4
6
4
7
9
9
9
9
8
2
9
8
2
9
4
4
5
8
9
9
7
6
8
9
5
5
7
4
7
8
6
2
3
9
1
9
9
4
9
9
1
8
9
5
6
3
1
5
8
4
1
5
1
6
6
4
4
2
7
2
7
6
3
7
2
9
4
7
8
1
4
8
4
5
1
6
4
5
3
7
6
5
5
7
7
9
9
9
2
9
9
1
5
7
6
7
9
9
7
5
5
9
4
9
6
9
7
9
6
9
9
9
9
9
